$ HookIt! word file structure GRADE 5
$ <sub grade>,<question>,<letter>,<answer>,<false> ...
$ sub grade  1-4
$ question if contains "&" then max length 128 characters else 64 characters
$ letter   for equation 1 character
$ answer   maximum length 10 characters
$ false    maximum length 10 characters up to 16 entries
$ Leading and trailing spaces are stripped from questions and answers

1,Find a when  a - 1 = 10,a,11,1,2,3,4,5,6,7,8,9,10,12,13,14,15,17,18,19,20
1,Find x when  x - 2 = 10,x,12,6,7,8,9,10,11,4,5,3,13,14,15,16,17,18,19,20
1,Find t when  t - 3 = 10,t,13,6,7,8,9,10,11,12,2,3,4,14,15,16,17,18,19,20 
1,Find p when  p - 4 = 10,p,14,6,7,8,9,10,11,12,13,2,3,4,15,16,17,18,19,20 
1,Find x when  x - 5 = 10,x,15,6,7,8,9,10,11,12,13,14,2,3,4,16,17,18,19,20 
1,Find x when  x - 6 = 10,x,16,6,7,8,9,10,11,12,13,14,15,2,3,4,17,18,19,20 
1,Find a when  a - 7 = 10,a,17,6,7,8,9,10,11,12,13,14,15,16,2,3,4,18,19,20 
1,Find x when  x - 8 = 10,x,18,6,7,8,9,10,11,12,13,14,15,16,17,2,4,5,19,20 
1,Find x when  x - 9 = 10,x,19,6,7,8,9,10,11,12,13,14,15,16,17,18,3,4,5,20 
1,Find c when  c - 10 = 10,c,20,6,7,8,9,10,11,12,13,14,15,16,17,18,19,5,4
1,Find x when  x + 1 = 10,x,9,0,1,2,3,4,5,6,7,8,17,18,10,11,12,13,14,15,16
1,Find x when  x + 2 = 10,x,8,0,1,2,3,4,5,6,7,17,18,9,10,11,12,13,14,15,16
1,Find p when  p + 3 = 10,p,7,0,1,2,3,4,5,6,17,18,8,9,10,11,12,13,14,15,16
1,Find a when  a + 4 = 10,a,6,0,1,2,3,4,5,17,18,7,8,9,10,11,12,13,14,15,16
1,Find x when  x + 5 = 10,x,5,0,1,2,3,4,17,18,6,7,8,9,10,11,12,13,14,15,16
1,Find r when  r + 6 = 10,r,4,0,1,2,3,17,18,5,6,7,8,9,10,11,12,13,14,15,16
1,Find x when  x + 7 = 10,x,3,0,1,2,17,18,4,5,6,7,8,9,10,11,12,13,14,15,16
1,Find y when  y + 8 = 10,y,2,0,1,17,18,3,4,5,6,7,8,9,10,11,12,13,14,15,16
1,Find n when  n + 9 = 10,n,1,0,17,18,2,3,4,5,6,7,8,9,10,11,12,13,14,15,16
1,Find x when x + 10 = 10,x,0,17,18,1,2,3,4,5,6,7,8,9,10,11,12,13,14,15,16
2,Find x when 2x = 0 ,x,0,2,4,6,8,10,12,14,16,18,20,22,24,28,30
2,Find x when 2x = 2,x,1,0,4,6,8,10,12,14,16,18,20,22,24,26,28,30
2,Find a when 2a = 4,a,2,0,2,6,8,10,12,14,16,18,20,22,24,26,28,30
2,Find x when 2x = 6,x,3,0,2,4,8,10,12,14,16,18,20,22,24,26,28,30
2,Find x when 2x = 8,x,4,0,2,4,6,10,12,14,16,18,20,22,24,26,28,30
2,Find s when 2s = 10,s,5,0,2,4,6,8,12,14,16,18,20,22,24,26,28,30
2,Find x when 2x = 12,x,6,0,2,4,6,8,10,14,16,18,20,22,24,26,28,30
2,Find f when 2f = 14,f,7,0,2,4,6,8,10,12,16,18,20,22,24,26,28,30
2,Find x when 2x = 16,x,8,0,2,4,6,8,10,12,14,18,20,22,24,26,28,30
2,Find x when 2x = 18,x,9,0,2,4,6,8,10,12,14,16,20,22,24,26,28,30
2,Find g when 2g = 20,g,10,0,2,4,6,8,10,12,14,16,18,22,24,26,28,30
2,Find x when 3x = 0,x,0,3,6,9,12,15,18,21,24,27,30,33,36
2,Find a when 3a = 3,a,1,3,6,9,12,15,18,21,24,27,30,33,36
2,Find x when 3x = 6,x,2,1,0,3,9,12,15,18,21,24,27,30,33,36
2,Find x when 3x = 9,x,3,0,1,6,9,12,15,18,21,24,27,30,33,36
2,Find u when 3u = 12,u,4,1,2,3,5,6,7,8,9,10,11,12,13,14,15,16,17,18,19,20
2,Find x when 3x = 15,x,5,1,2,3,4,5,6,7,8,9,10,11,12,13,14,15,16,17,18,19
2,What is x when 3x = 18?,x,6,2,3,4,5,7,8,9,10,11,12,13,14,15,16,17,19,20
2,What is r when 3r = 21?,r,7,1,3,5,9,11,13,15,17,19,21,23,25,27,29,31
2,Find x when 3x = 24,x,8,0,3,6,9,12,15,18,21,27,30,33,36
2,Find p when 3p = 27,p,9,0,3,6,9,12,15,18,21,24,27,30,33,36
2,Find z when 3z = 30,z,10,1,2,3,4,5,6,7,8,9,11,12,13,14,15,16,17,18,19,20
2,What is x when 3x = 33,x,11,2,3,4,5,6,7,8,9,10,12,13,14,15,16,17,18,19,20
2,What is n when 3n = 36?,n,12,1,2,3,4,5,6,7,8,9,10,11,13,14,15,16,17,18,19
2,Find m when 5m = 0,m,0,5,10,15,1,2,3,4,6,7,8,9,11,12,13,14,16,17,18,19,20
2,Find x when 5x = 5,x,1,2,3,4,6,7,50,9,10,11,12,13,14,15,16,40,18,19,20
2,Find x when 5x = 10,x,2,0,1,3,4,6,7,8,9,1,11,12,15,20,25,30,35,40,45,50
2,Find r when 5r = 15,r,3,0,1,2,4,5,6,7,8,9,10,11,12,17,20,25,30,35,40,45,50
2,Find s when 5s = 20,s,4,0,1,2,3,5,6,7,8,9,10,11,12,15,22,25,30,35,40,45,50
2,Find x when 5x = 25,x,5,0,1,2,3,4,6,7,8,9,10,11,12,15,20,27,30,35,40,45,50
2,Find z when 5z = 30,z,6,0,1,2,3,4,5,7,8,9,10,11,12,15,20,25,50,35,40,45
2,What is x when 5x = 45?,x,9,0,1,2,3,4,5,6,7,8,10,11,12,15,20,25,30,35,40
2,Find x when 6x = 0,x,0,1,2,3,4,5,6,7,8,9,10,11,12,24,30,36,42,48
2,Find t when 6t = 6,t,1,0,2,3,4,5,6,7,8,9,10,11,12,24,30,36,42,48
2,Find x when 6x = 18,x,3,0,1,2,4,5,6,7,8,9,10,11,12,24,30,36,42,48
2,What is c when 6c = 36,c,6,0,1,2,3,4,5,7,8,9,10,11,12,24,30,36,42,48
2,Find y when 6y = 54,y,9,0,1,2,3,4,5,6,7,8,10,11,12,24,30,36,42,48
2,What is x when 7x = 14,x,2,0,1,3,4,5,6,7,8,9,10,11,12,14,21,28,35,42,49
2,What is x when 7x = 35,x,5,0,1,2,3,4,6,7,8,9,10,11,12,21,28,35,42,49,70
2,What is w when 7w = 42,w,6,0,1,2,3,4,5,7,8,9,10,11,12,14,21,28,35,42,49,84
3,What is x when ½x = 0?,x,0,1,2,3,4,5,6,7,8,9,10,11,12
3,What is s when ½s = 1?,s,2,1,3,4,5,6,7,8,9,10,11,12
3,What is a when ½a = 2?,a,4,1,2,3,5,6,7,8,9,10,11,12
3,What is x when ½x = 3?,x,6,0,1,2,3,4,5,7,8,9,10,11,12
3,What is x when ½x = 4?,x,8,0,1,2,3,4,5,6,7,9,10,11,12
3,What is j when ½j = 5?,j,10,0,1,2,3,4,5,6,7,8,9,11,12
3,Find x when ¿x = 0,x,0,1,2,3,4,5,6,7,8,9,10,11,12
3,Find k when ¿k = 3,k,9,1,2,4,5,6,7,8,10,11,12,0
3,What is x when ¿x = 4,x,12,0,1,2,3,4,5,6,7,8,9,10,11,24,30,36,42,48
3,Find p when ¿p = 6,p,18,1,3,5,7,9,11,13,15,17,19,21,23,25,27,29,31,24,12
3,Find x when ¿x = 8,x,24,30,36,42,48,0,1,2,3,4,5,6,7,8,9,10,11,12,64,88
3,What is x when ¼x = 0?,x,0,1,2,3,4,5,6,7,8,9,10,11,12,16,20,24,28,32,40
3,What is r when ¼r = 2?,r,8,0,1,2,3,4,5,6,7,9,10,11,12,24,30,36,42,48
3,What is x when ¼x = 3?,x,12,0,1,2,3,4,5,6,7,8,9,10,11,24,30,36,42,48
3,What is t when ¼t = 7?,t,28,24,30,36,42,48,0,1,2,3,4,5,6,7,8,9,10,11,12
3,What is x when ¼x = 10?,x,40,24,30,36,42,48,44,32,22,4,2,1,0
3,Find x when Áx = 0,x,0,1,2,3,4,5,6,7,8,9,10,11,12,15,20,25,30
3,Find s when Ás = 3,s,15,0,1,2,3,4,5,7,8,9,10,11,12,13,14,16,17,18,20,25
3,Find x when Áx = 5,x,25,24,30,36,42,48,5,10,30,45,50
3,Find n when Án = 8,n,40,24,30,36,42,48,1,3,5,7,9,11,13,15,17,19,21,23,25
3,Find x when Áx = 10,x,50,0,1,2,3,4,5,6,7,8,9,10,11,12,20,30,40,60,80
4,Find m when 3m-2 = 13,m,5,0,1,2,3,4,6,7,8,9,10,11,12,24,30,36,42,48
4,Solve the equation  4 = 4x - 3x,x,4,0,1,2,3,4,5,6,7,8,9,10,11,12
4,Solve the equation  6a - a = 25,a,5,0,1,2,3,4,6,7,8,9,10,11,12 
4,Find b when  2b + 15 = 21,b,3,0,1,2,4,5,6,7,8,9,10,11,12
4,Solve for x:  5x + 6 = 11,x,1,0,2,3,4,5,6,7,8,9,10,11,12
4,What is t when  2t - 3 = 11,t,7,0,1,2,3,4,5,6,8,9,10,11,12
4,Solve the equation  8y = 2y + 18,y,3,0,1,2,4,5,6,7,8,9,10,11,12
4,Find n when  24 - 5n = n,n,4,0,1,2,3,5,6,7,8,9,10,11,12
4,Solve the equation  5x + 4 = 12 + 3x,x,4,0,1,2,3,5,6,7,8,9,10,11,12
4,Find a when  5a - 3a = 10,a,5,0,1,2,3,4,6,7,8,9,10,11,12
4,Solve the equation  2d + 5 = 7,d,1,0,2,3,4,5,6,7,8,9,10,11,12
4,Solve the equation  5x + 7 = 27,x,4,0,1,2,3,5,6,7,8,9,10,11,12
4,Find the value of x when 4x + 2 = 10,x,2,0,1,3,4,5,6,7,8,9,10,11,12
4,Solve the equation  3(r - 1) = 6,r,3,0,1,2,4,5,6,7,8,9,10,11,12
4,Solve the equation  5(2x - 5) = 15,x,4,0,1,2,3,5,6,7,8,9,10,11,12
4,Solve the equation  9 = 3(2x - 1),x,2,0,1,3,4,5,6,7,8,9,10,11,12
4,Solve the equation  3u - 3 = 6,u,3,0,1,2,4,5,6,7,8,9,10,11,12
4,Solve the equation  10x - 25 = 15,x,4,0,1,2,3,5,6,7,8,9,10,11,12
4,Solve the equation  9 = 6t - 3,t,2,0,1,3,4,5,6,7,8,9,10,11,12
4,Solve for y given  3(3y-1) = 24,y,3,0,1,2,4,5,6,7,8,9,10,11,12
4,Solve the equation  s + 3 = 3,s,0,1,2,3,4,5,6,7,8,9,10,11,12
4,Solve the equation  x + 2 = 3,x,1,-2,-3,-4,-5,-6,-7,-1,2,3,4,5,6,7
4,Solve the equation  n + 4 = 0,n,-4,-1,-2,-3,-5,-6,-7,1,2,3,4,5,6,7
4,Solve the equation  k + 6 = -2,k,-8,-1,-2,-3,-4,-5,-6,-7,1,2,3,4,5,6,7,8
4,Solve the equation  5a + 3 = -2,a,-1,-2,-3,-4,-5,-6,-7,1,2,3,4,5,6,7